#material
#Dust mixture
#Dust components:
#-graphite (parallel)
#   mass ratio: 0.125, size distr. : "plaw" (-3.5), size: 1e-07 [m] #-1e-05 [m]
#-graphite (perpend)
#   mass ratio: 0.25, size distr. : "plaw" (-3.5), size: 1e-07 [m] #-1e-05 [m]
#-astronomical silicate
#   mass ratio: 0.625, size distr. : "plaw" (-3.5), size: 1e-07 [m] #-1e-05 [m]

#weight
7.86597e+17
#aspect ratio
1
#sublimation temp [K]
300
#can align
1
#density [kg]
2896.55
#gold g factor
0
#f_highJ
0.25
#f_correlation
0
#min. grain size	max. grain size
1e-07	1e-05
#min. radius	max. radius [m]
1e-07	1e-05
#wavelength	avgCext1	avgCext2	avgCabs1	avgCabs2	avgCsca1	avgCsca2	Ccirc	avgHGg	avgQext1	avgQext2	avgQabs1	avgQabs2	avgQsca1	avgQsca2	avgKext1	avgKext2	avgKabs1	avgKabs2	avgKsca1	avgKsca2
1e-07	3.23697e-13	3.23697e-13	1.29811e-13	1.29811e-13	1.93885e-13	1.93885e-13	0	0.805445	2.47074	2.47074	1.05986	1.05986	1.41087	1.41087	593.256	593.256	237.912	237.912	355.344	355.344
1.06326e-07	3.23767e-13	3.23767e-13	1.33601e-13	1.33601e-13	1.90166e-13	1.90166e-13	0	0.811154	2.46981	2.46981	1.0898	1.0898	1.38001	1.38001	593.385	593.385	244.858	244.858	348.527	348.527
1.13052e-07	3.23463e-13	3.23463e-13	1.39368e-13	1.39368e-13	1.84095e-13	1.84095e-13	0	0.82693	2.46671	2.46671	1.13736	1.13736	1.32935	1.32935	592.827	592.827	255.427	255.427	337.401	337.401
1.20203e-07	3.23966e-13	3.23966e-13	1.44846e-13	1.44846e-13	1.79121e-13	1.79121e-13	0	0.843615	2.47433	2.47433	1.18588	1.18588	1.28845	1.28845	593.75	593.75	265.466	265.466	328.284	328.284
1.27807e-07	3.2516e-13	3.2516e-13	1.49465e-13	1.49465e-13	1.75695e-13	1.75695e-13	0	0.852041	2.48642	2.48642	1.22899	1.22899	1.25743	1.25743	595.938	595.938	273.933	273.933	322.006	322.006
1.35891e-07	3.27679e-13	3.27679e-13	1.51648e-13	1.51648e-13	1.76031e-13	1.76031e-13	0	0.851386	2.52828	2.52828	1.24716	1.24716	1.28112	1.28112	600.555	600.555	277.933	277.933	322.622	322.622
1.44487e-07	3.28325e-13	3.28325e-13	1.51642e-13	1.51642e-13	1.76683e-13	1.76683e-13	0	0.84885	2.52775	2.52775	1.23863	1.23863	1.28912	1.28912	601.739	601.739	277.922	277.922	323.817	323.817
1.53627e-07	3.2311e-13	3.2311e-13	1.53147e-13	1.53147e-13	1.69963e-13	1.69963e-13	0	0.851973	2.43398	2.43398	1.24696	1.24696	1.18701	1.18701	592.18	592.18	280.681	280.681	311.499	311.499
1.63345e-07	3.21296e-13	3.21296e-13	1.54182e-13	1.54182e-13	1.67114e-13	1.67114e-13	0	0.84978	2.41019	2.41019	1.25569	1.25569	1.1545	1.1545	588.856	588.856	282.577	282.577	306.279	306.279
1.73678e-07	3.23589e-13	3.23589e-13	1.50198e-13	1.50198e-13	1.7339e-13	1.7339e-13	0	0.799413	2.41585	2.41585	1.20321	1.20321	1.21264	1.21264	593.058	593.058	275.276	275.276	317.782	317.782
1.84665e-07	3.29043e-13	3.29043e-13	1.48873e-13	1.48873e-13	1.80171e-13	1.80171e-13	0	0.76363	2.48895	2.48895	1.20789	1.20789	1.28106	1.28106	603.055	603.055	272.846	272.846	330.209	330.209
1.96346e-07	3.36786e-13	3.36786e-13	1.41901e-13	1.41901e-13	1.94885e-13	1.94885e-13	0	0.701313	2.60999	2.60999	1.11933	1.11933	1.49066	1.49066	617.245	617.245	260.069	260.069	357.176	357.176
2.08766e-07	3.47563e-13	3.47563e-13	1.28179e-13	1.28179e-13	2.19384e-13	2.19384e-13	0	0.653173	2.80473	2.80473	0.955409	0.955409	1.84932	1.84932	636.997	636.997	234.921	234.921	402.076	402.076
2.21972e-07	3.60424e-13	3.60424e-13	1.22696e-13	1.22696e-13	2.37727e-13	2.37727e-13	0	0.645026	3.03953	3.03953	0.904223	0.904223	2.13531	2.13531	660.568	660.568	224.872	224.872	435.696	435.696
2.36013e-07	3.68681e-13	3.68681e-13	1.20882e-13	1.20882e-13	2.47799e-13	2.47799e-13	0	0.643861	3.1569	3.1569	0.87218	0.87218	2.28472	2.28472	675.7	675.7	221.546	221.546	454.154	454.154
2.50943e-07	3.73462e-13	3.73462e-13	1.19854e-13	1.19854e-13	2.53608e-13	2.53608e-13	0	0.646059	3.22753	3.22753	0.84719	0.84719	2.38034	2.38034	684.463	684.463	219.662	219.662	464.801	464.801
2.66817e-07	3.76861e-13	3.76861e-13	1.2056e-13	1.2056e-13	2.563e-13	2.563e-13	0	0.649142	3.28038	3.28038	0.845734	0.845734	2.43464	2.43464	690.692	690.692	220.957	220.957	469.735	469.735
2.83695e-07	3.79308e-13	3.79308e-13	1.21723e-13	1.21723e-13	2.57585e-13	2.57585e-13	0	0.649068	3.28991	3.28991	0.851122	0.851122	2.43878	2.43878	695.178	695.178	223.089	223.089	472.089	472.089
3.01641e-07	3.80825e-13	3.80825e-13	1.2316e-13	1.2316e-13	2.57664e-13	2.57664e-13	0	0.645784	3.25793	3.25793	0.85855	0.85855	2.39938	2.39938	697.957	697.957	225.723	225.723	472.234	472.234
3.20722e-07	3.81985e-13	3.81985e-13	1.24378e-13	1.24378e-13	2.57607e-13	2.57607e-13	0	0.6394	3.21451	3.21451	0.865394	0.865394	2.34911	2.34911	700.084	700.084	227.953	227.953	472.13	472.13
3.4101e-07	3.83205e-13	3.83205e-13	1.25187e-13	1.25187e-13	2.58018e-13	2.58018e-13	0	0.631186	3.17484	3.17484	0.871288	0.871288	2.30355	2.30355	702.319	702.319	229.436	229.436	472.883	472.883
3.62581e-07	3.84158e-13	3.84158e-13	1.25716e-13	1.25716e-13	2.58442e-13	2.58442e-13	0	0.622737	3.13179	3.13179	0.876605	0.876605	2.25519	2.25519	704.066	704.066	230.406	230.406	473.66	473.66
3.85517e-07	3.84323e-13	3.84323e-13	1.25992e-13	1.25992e-13	2.58331e-13	2.58331e-13	0	0.613731	3.07216	3.07216	0.879783	0.879783	2.19238	2.19238	704.369	704.369	230.913	230.913	473.456	473.456
4.09904e-07	3.83511e-13	3.83511e-13	1.26049e-13	1.26049e-13	2.57462e-13	2.57462e-13	0	0.602088	2.99259	2.99259	0.879465	0.879465	2.11313	2.11313	702.882	702.882	231.017	231.017	471.865	471.865
4.35833e-07	3.81973e-13	3.81973e-13	1.25912e-13	1.25912e-13	2.56061e-13	2.56061e-13	0	0.585565	2.90128	2.90128	0.874522	0.874522	2.02676	2.02676	700.062	700.062	230.765	230.765	469.297	469.297
4.63403e-07	3.80134e-13	3.80134e-13	1.25557e-13	1.25557e-13	2.54578e-13	2.54578e-13	0	0.563305	2.81056	2.81056	0.864537	0.864537	1.94602	1.94602	696.692	696.692	230.115	230.115	466.578	466.578
4.92716e-07	3.78211e-13	3.78211e-13	1.24972e-13	1.24972e-13	2.53239e-13	2.53239e-13	0	0.536619	2.72646	2.72646	0.85185	0.85185	1.87461	1.87461	693.167	693.167	229.042	229.042	464.125	464.125
5.23884e-07	3.7614e-13	3.7614e-13	1.2424e-13	1.2424e-13	2.519e-13	2.519e-13	0	0.507922	2.64621	2.64621	0.839584	0.839584	1.80662	1.80662	689.372	689.372	227.701	227.701	461.671	461.671
5.57024e-07	3.73644e-13	3.73644e-13	1.23231e-13	1.23231e-13	2.50414e-13	2.50414e-13	0	0.478353	2.56124	2.56124	0.824743	0.824743	1.73649	1.73649	684.798	684.798	225.852	225.852	458.946	458.946
5.92259e-07	3.70374e-13	3.70374e-13	1.21788e-13	1.21788e-13	2.48587e-13	2.48587e-13	0	0.447941	2.46254	2.46254	0.803513	0.803513	1.65903	1.65903	678.805	678.805	223.206	223.206	455.598	455.598
6.29724e-07	3.66246e-13	3.66246e-13	1.19975e-13	1.19975e-13	2.46272e-13	2.46272e-13	0	0.416597	2.3496	2.3496	0.777242	0.777242	1.57236	1.57236	671.239	671.239	219.884	219.884	451.355	451.355
6.69559e-07	3.6138e-13	3.6138e-13	1.17907e-13	1.17907e-13	2.43473e-13	2.43473e-13	0	0.384731	2.22768	2.22768	0.748929	0.748929	1.47875	1.47875	662.321	662.321	216.095	216.095	446.225	446.225
7.11913e-07	3.55869e-13	3.55869e-13	1.15639e-13	1.15639e-13	2.4023e-13	2.4023e-13	0	0.35311	2.10086	2.10086	0.72018	0.72018	1.38068	1.38068	652.219	652.219	211.938	211.938	440.281	440.281
7.56947e-07	3.49768e-13	3.49768e-13	1.13233e-13	1.13233e-13	2.36535e-13	2.36535e-13	0	0.322497	1.97106	1.97106	0.69154	0.69154	1.27952	1.27952	641.039	641.039	207.529	207.529	433.51	433.51
8.04829e-07	3.43138e-13	3.43138e-13	1.10714e-13	1.10714e-13	2.32424e-13	2.32424e-13	0	0.293401	1.8396	1.8396	0.662575	0.662575	1.17702	1.17702	628.886	628.886	202.911	202.911	425.975	425.975
8.5574e-07	3.36032e-13	3.36032e-13	1.08048e-13	1.08048e-13	2.27985e-13	2.27985e-13	0	0.266095	1.70778	1.70778	0.63256	0.63256	1.07522	1.07522	615.864	615.864	198.025	198.025	417.84	417.84
9.09872e-07	3.28528e-13	3.28528e-13	1.05277e-13	1.05277e-13	2.2325e-13	2.2325e-13	0	0.240772	1.57705	1.57705	0.60146	0.60146	0.97559	0.97559	602.11	602.11	192.947	192.947	409.163	409.163
9.67428e-07	3.20698e-13	3.20698e-13	1.02462e-13	1.02462e-13	2.18236e-13	2.18236e-13	0	0.217522	1.44895	1.44895	0.5695	0.5695	0.879453	0.879453	587.759	587.759	187.788	187.788	399.972	399.972
1.02862e-06	3.126e-13	3.126e-13	9.95831e-14	9.95831e-14	2.13017e-13	2.13017e-13	0	0.196283	1.32491	1.32491	0.536721	0.536721	0.788189	0.788189	572.919	572.919	182.511	182.511	390.408	390.408
1.09369e-06	3.04315e-13	3.04315e-13	9.66477e-14	9.66477e-14	2.07668e-13	2.07668e-13	0	0.176975	1.20618	1.20618	0.503436	0.503436	0.702739	0.702739	557.735	557.735	177.131	177.131	380.603	380.603
1.16288e-06	2.95912e-13	2.95912e-13	9.37089e-14	9.37089e-14	2.02203e-13	2.02203e-13	0	0.159541	1.09379	1.09379	0.470257	0.470257	0.623533	0.623533	542.333	542.333	171.745	171.745	370.588	370.588
1.23644e-06	2.87447e-13	2.87447e-13	9.0778e-14	9.0778e-14	1.96669e-13	1.96669e-13	0	0.14378	0.988564	0.988564	0.437552	0.437552	0.551013	0.551013	526.82	526.82	166.374	166.374	360.446	360.446
1.31465e-06	2.78987e-13	2.78987e-13	8.78544e-14	8.78544e-14	1.91133e-13	1.91133e-13	0	0.129442	0.890973	0.890973	0.40556	0.40556	0.485413	0.485413	511.315	511.315	161.015	161.015	350.3	350.3
1.39781e-06	2.70568e-13	2.70568e-13	8.49689e-14	8.49689e-14	1.856e-13	1.856e-13	0	0.116518	0.801064	0.801064	0.374697	0.374697	0.426367	0.426367	495.885	495.885	155.727	155.727	340.158	340.158
1.48623e-06	2.62218e-13	2.62218e-13	8.21355e-14	8.21355e-14	1.80082e-13	1.80082e-13	0	0.104974	0.718697	0.718697	0.345245	0.345245	0.373452	0.373452	480.581	480.581	150.534	150.534	330.047	330.047
1.58025e-06	2.53977e-13	2.53977e-13	7.93252e-14	7.93252e-14	1.74652e-13	1.74652e-13	0	0.0945143	0.643692	0.643692	0.317244	0.317244	0.326448	0.326448	465.477	465.477	145.383	145.383	320.094	320.094
1.68021e-06	2.45861e-13	2.45861e-13	7.65344e-14	7.65344e-14	1.69326e-13	1.69326e-13	0	0.0849686	0.575693	0.575693	0.290793	0.290793	0.2849	0.2849	450.602	450.602	140.269	140.269	310.333	310.333
1.7865e-06	2.37841e-13	2.37841e-13	7.3808e-14	7.3808e-14	1.64033e-13	1.64033e-13	0	0.0763735	0.514213	0.514213	0.26605	0.26605	0.248163	0.248163	435.904	435.904	135.272	135.272	300.633	300.633
1.8995e-06	2.29952e-13	2.29952e-13	7.11657e-14	7.11657e-14	1.58787e-13	1.58787e-13	0	0.0686514	0.458816	0.458816	0.24304	0.24304	0.215776	0.215776	421.446	421.446	130.429	130.429	291.017	291.017
2.01966e-06	2.22226e-13	2.22226e-13	6.85986e-14	6.85986e-14	1.53627e-13	1.53627e-13	0	0.0616577	0.409074	0.409074	0.221716	0.221716	0.187358	0.187358	407.284	407.284	125.724	125.724	281.56	281.56
2.14742e-06	2.14655e-13	2.14655e-13	6.61002e-14	6.61002e-14	1.48555e-13	1.48555e-13	0	0.055349	0.364509	0.364509	0.20203	0.20203	0.162479	0.162479	393.41	393.41	121.145	121.145	272.265	272.265
2.28326e-06	2.07231e-13	2.07231e-13	6.36697e-14	6.36697e-14	1.43561e-13	1.43561e-13	0	0.049684	0.324652	0.324652	0.183914	0.183914	0.140738	0.140738	379.802	379.802	116.691	116.691	263.112	263.112
2.42769e-06	1.99976e-13	1.99976e-13	6.12984e-14	6.12984e-14	1.38678e-13	1.38678e-13	0	0.0445429	0.289063	0.289063	0.167269	0.167269	0.121794	0.121794	366.507	366.507	112.345	112.345	254.162	254.162
2.58126e-06	1.92887e-13	1.92887e-13	5.89917e-14	5.89917e-14	1.33896e-13	1.33896e-13	0	0.0398585	0.257336	0.257336	0.152035	0.152035	0.105301	0.105301	353.515	353.515	108.117	108.117	245.398	245.398
2.74455e-06	1.85907e-13	1.85907e-13	5.67959e-14	5.67959e-14	1.29111e-13	1.29111e-13	0	0.0356368	0.229115	0.229115	0.138196	0.138196	0.0909198	0.0909198	340.722	340.722	104.093	104.093	236.629	236.629
2.91816e-06	1.79085e-13	1.79085e-13	5.46938e-14	5.46938e-14	1.24391e-13	1.24391e-13	0	0.03185	0.204011	0.204011	0.125601	0.125601	0.0784101	0.0784101	328.219	328.219	100.24	100.24	227.979	227.979
3.10275e-06	1.72444e-13	1.72444e-13	5.26021e-14	5.26021e-14	1.19841e-13	1.19841e-13	0	0.028448	0.181627	0.181627	0.114055	0.114055	0.0675721	0.0675721	316.046	316.046	96.4066	96.4066	219.64	219.64
3.29902e-06	1.6594e-13	1.6594e-13	5.05369e-14	5.05369e-14	1.15403e-13	1.15403e-13	0	0.0253871	0.161717	0.161717	0.103528	0.103528	0.0581882	0.0581882	304.127	304.127	92.6217	92.6217	211.506	211.506
3.50771e-06	1.59561e-13	1.59561e-13	4.8561e-14	4.8561e-14	1.11001e-13	1.11001e-13	0	0.0226322	0.144064	0.144064	0.094004	0.094004	0.0500605	0.0500605	292.437	292.437	89.0002	89.0002	203.437	203.437
3.7296e-06	1.53342e-13	1.53342e-13	4.666e-14	4.666e-14	1.06682e-13	1.06682e-13	0	0.0201564	0.128393	0.128393	0.0853744	0.0853744	0.043019	0.043019	281.038	281.038	85.5162	85.5162	195.522	195.522
3.96552e-06	1.47236e-13	1.47236e-13	4.47803e-14	4.47803e-14	1.02456e-13	1.02456e-13	0	0.0179233	0.114457	0.114457	0.0775333	0.0775333	0.036924	0.036924	269.848	269.848	82.0713	82.0713	187.776	187.776
4.21637e-06	1.41213e-13	1.41213e-13	4.29082e-14	4.29082e-14	9.8305e-14	9.8305e-14	0	0.0158908	0.102057	0.102057	0.0703978	0.0703978	0.0316593	0.0316593	258.809	258.809	78.6401	78.6401	180.169	180.169
4.48309e-06	1.3527e-13	1.3527e-13	4.10913e-14	4.10913e-14	9.41785e-14	9.41785e-14	0	0.0140503	0.091048	0.091048	0.0639415	0.0639415	0.0271064	0.0271064	247.916	247.916	75.3101	75.3101	172.606	172.606
4.76667e-06	1.29375e-13	1.29375e-13	3.93673e-14	3.93673e-14	9.00076e-14	9.00076e-14	0	0.0124015	0.0813205	0.0813205	0.0581601	0.0581601	0.0231604	0.0231604	237.112	237.112	72.1505	72.1505	164.962	164.962
5.0682e-06	1.23556e-13	1.23556e-13	3.77321e-14	3.77321e-14	8.58236e-14	8.58236e-14	0	0.0109077	0.0727564	0.0727564	0.0530095	0.0530095	0.019747	0.019747	226.447	226.447	69.1535	69.1535	157.293	157.293
5.3888e-06	1.17805e-13	1.17805e-13	3.62049e-14	3.62049e-14	8.16006e-14	8.16006e-14	0	0.00954386	0.0652564	0.0652564	0.0484597	0.0484597	0.0167966	0.0167966	215.908	215.908	66.3546	66.3546	149.554	149.554
5.72968e-06	1.11985e-13	1.11985e-13	3.48303e-14	3.48303e-14	7.71543e-14	7.71543e-14	0	0.00832036	0.0587595	0.0587595	0.0445227	0.0445227	0.0142369	0.0142369	205.24	205.24	63.8353	63.8353	141.405	141.405
6.09213e-06	1.06051e-13	1.06051e-13	3.35944e-14	3.35944e-14	7.24566e-14	7.24566e-14	0	0.00723621	0.0531803	0.0531803	0.0411559	0.0411559	0.0120244	0.0120244	194.365	194.365	61.5703	61.5703	132.795	132.795
6.4775e-06	1.00119e-13	1.00119e-13	3.23931e-14	3.23931e-14	6.77255e-14	6.77255e-14	0	0.00627324	0.0483356	0.0483356	0.0382089	0.0382089	0.0101266	0.0101266	183.492	183.492	59.3685	59.3685	124.124	124.124
6.88725e-06	9.34189e-14	9.34189e-14	3.06749e-14	3.06749e-14	6.2744e-14	6.2744e-14	0	0.00538962	0.0436097	0.0436097	0.035169	0.035169	0.00844074	0.00844074	171.214	171.214	56.2195	56.2195	114.994	114.994
7.32291e-06	8.47884e-14	8.47884e-14	2.91153e-14	2.91153e-14	5.56731e-14	5.56731e-14	0	0.00455293	0.0399338	0.0399338	0.0330412	0.0330412	0.00689256	0.00689256	155.396	155.396	53.3612	53.3612	102.035	102.035
7.78614e-06	7.81197e-14	7.81197e-14	3.32163e-14	3.32163e-14	4.49034e-14	4.49034e-14	0	0.00377946	0.0462459	0.0462459	0.0406346	0.0406346	0.00561131	0.00561131	143.174	143.174	60.8773	60.8773	82.2969	82.2969
8.27867e-06	8.38961e-14	8.38961e-14	4.28515e-14	4.28515e-14	4.10445e-14	4.10445e-14	0	0.00308133	0.0700275	0.0700275	0.0651953	0.0651953	0.00483217	0.00483217	153.761	153.761	78.5363	78.5363	75.2245	75.2245
8.80236e-06	9.73397e-14	9.73397e-14	5.47706e-14	5.47706e-14	4.25691e-14	4.25691e-14	0	0.00248097	0.106755	0.106755	0.102267	0.102267	0.00448739	0.00448739	178.4	178.4	100.381	100.381	78.0186	78.0186
9.35917e-06	1.09838e-13	1.09838e-13	6.5012e-14	6.5012e-14	4.48261e-14	4.48261e-14	0	0.00197926	0.137836	0.137836	0.133464	0.133464	0.00437184	0.00437184	201.306	201.306	119.151	119.151	82.1551	82.1551
9.9512e-06	1.12205e-13	1.12205e-13	6.63939e-14	6.63939e-14	4.58107e-14	4.58107e-14	0	0.00160876	0.133483	0.133483	0.129342	0.129342	0.00414092	0.00414092	205.643	205.643	121.684	121.684	83.9596	83.9596
1.05807e-05	1.06501e-13	1.06501e-13	6.11723e-14	6.11723e-14	4.5329e-14	4.5329e-14	0	0.00137686	0.108108	0.108108	0.104383	0.104383	0.00372518	0.00372518	195.191	195.191	112.114	112.114	83.0769	83.0769
1.125e-05	9.90102e-14	9.90102e-14	5.50659e-14	5.50659e-14	4.39443e-14	4.39443e-14	0	0.00121258	0.0846173	0.0846173	0.0813662	0.0813662	0.0032511	0.0032511	181.461	181.461	100.922	100.922	80.539	80.539
1.19616e-05	9.13261e-14	9.13261e-14	4.92439e-14	4.92439e-14	4.20823e-14	4.20823e-14	0	0.00104463	0.065496	0.065496	0.0627111	0.0627111	0.00278495	0.00278495	167.378	167.378	90.2518	90.2518	77.1264	77.1264
1.27183e-05	8.38611e-14	8.38611e-14	4.38532e-14	4.38532e-14	4.00078e-14	4.00078e-14	0	0.000823389	0.0505511	0.0505511	0.0481958	0.0481958	0.00235526	0.00235526	153.697	153.697	80.3721	80.3721	73.3245	73.3245
1.35228e-05	7.68497e-14	7.68497e-14	3.93216e-14	3.93216e-14	3.75281e-14	3.75281e-14	0	0.000531882	0.0409397	0.0409397	0.0389909	0.0389909	0.00194886	0.00194886	140.847	140.847	72.0668	72.0668	68.7797	68.7797
1.43782e-05	7.04789e-14	7.04789e-14	3.61676e-14	3.61676e-14	3.43112e-14	3.43112e-14	0	0.000210571	0.036747	0.036747	0.0351772	0.0351772	0.00156977	0.00156977	129.17	129.17	66.2863	66.2863	62.884	62.884
1.52878e-05	6.68816e-14	6.68816e-14	3.60127e-14	3.60127e-14	3.08689e-14	3.08689e-14	0	-7.56737e-05	0.03875	0.03875	0.0374704	0.0374704	0.0012796	0.0012796	122.577	122.577	66.0023	66.0023	56.5751	56.5751
1.62548e-05	6.66004e-14	6.66004e-14	3.82521e-14	3.82521e-14	2.83483e-14	2.83483e-14	0	-0.000321186	0.0449006	0.0449006	0.0438106	0.0438106	0.00109003	0.00109003	122.062	122.062	70.1066	70.1066	51.9555	51.9555
1.72831e-05	6.73239e-14	6.73239e-14	4.04001e-14	4.04001e-14	2.69238e-14	2.69238e-14	0	-0.000538794	0.0501328	0.0501328	0.049169	0.049169	0.000963774	0.000963774	123.388	123.388	74.0434	74.0434	49.3446	49.3446
1.83763e-05	6.73605e-14	6.73605e-14	4.11827e-14	4.11827e-14	2.61778e-14	2.61778e-14	0	-0.000739247	0.0514578	0.0514578	0.0505858	0.0505858	0.000872009	0.000872009	123.455	123.455	75.4777	75.4777	47.9774	47.9774
1.95388e-05	6.57532e-14	6.57532e-14	4.01479e-14	4.01479e-14	2.56053e-14	2.56053e-14	0	-0.000922861	0.0483466	0.0483466	0.0475558	0.0475558	0.000790825	0.000790825	120.509	120.509	73.5811	73.5811	46.9283	46.9283
2.07747e-05	6.2835e-14	6.2835e-14	3.81171e-14	3.81171e-14	2.47178e-14	2.47178e-14	0	-0.00107827	0.0435637	0.0435637	0.0428608	0.0428608	0.000702909	0.000702909	115.161	115.161	69.8593	69.8593	45.3017	45.3017
2.20889e-05	5.94888e-14	5.94888e-14	3.59405e-14	3.59405e-14	2.35483e-14	2.35483e-14	0	-0.00121122	0.0390827	0.0390827	0.0384693	0.0384693	0.000613402	0.000613402	109.028	109.028	65.8701	65.8701	43.1582	43.1582
2.34862e-05	5.63403e-14	5.63403e-14	3.39635e-14	3.39635e-14	2.23768e-14	2.23768e-14	0	-0.00133785	0.0353674	0.0353674	0.0348336	0.0348336	0.000533829	0.000533829	103.258	103.258	62.2466	62.2466	41.0111	41.0111
2.49719e-05	5.34078e-14	5.34078e-14	3.21697e-14	3.21697e-14	2.12382e-14	2.12382e-14	0	-0.00145978	0.03226	0.03226	0.0317958	0.0317958	0.000464254	0.000464254	97.8834	97.8834	58.9591	58.9591	38.9243	38.9243
2.65515e-05	5.05733e-14	5.05733e-14	3.04719e-14	3.04719e-14	2.01014e-14	2.01014e-14	0	-0.00157121	0.0295202	0.0295202	0.0291176	0.0291176	0.000402634	0.000402634	92.6883	92.6883	55.8475	55.8475	36.8408	36.8408
2.82311e-05	4.78805e-14	4.78805e-14	2.88925e-14	2.88925e-14	1.89881e-14	1.89881e-14	0	-0.00165448	0.0271138	0.0271138	0.0267649	0.0267649	0.000348945	0.000348945	87.7532	87.7532	52.9528	52.9528	34.8004	34.8004
3.00169e-05	4.53303e-14	4.53303e-14	2.7426e-14	2.7426e-14	1.79044e-14	1.79044e-14	0	-0.00169895	0.0249891	0.0249891	0.0246866	0.0246866	0.000302481	0.000302481	83.0793	83.0793	50.265	50.265	32.8143	32.8143
3.19157e-05	4.28346e-14	4.28346e-14	2.60009e-14	2.60009e-14	1.68337e-14	1.68337e-14	0	-0.00171251	0.0230248	0.0230248	0.0227629	0.0227629	0.00026182	0.00026182	78.5053	78.5053	47.6533	47.6533	30.852	30.852
3.39346e-05	4.03678e-14	4.03678e-14	2.4592e-14	2.4592e-14	1.57757e-14	1.57757e-14	0	-0.00169522	0.0211751	0.0211751	0.0209489	0.0209489	0.000226151	0.000226151	73.9841	73.9841	45.0711	45.0711	28.913	28.913
3.60812e-05	3.79499e-14	3.79499e-14	2.32142e-14	2.32142e-14	1.47358e-14	1.47358e-14	0	-0.00164124	0.0194485	0.0194485	0.0192536	0.0192536	0.000194965	0.000194965	69.5529	69.5529	42.5458	42.5458	27.0071	27.0071
3.83636e-05	3.55623e-14	3.55623e-14	2.18383e-14	2.18383e-14	1.3724e-14	1.3724e-14	0	-0.00156069	0.017781	0.017781	0.0176132	0.0176132	0.000167832	0.000167832	65.1769	65.1769	40.0242	40.0242	25.1527	25.1527
4.07904e-05	3.31844e-14	3.31844e-14	2.04411e-14	2.04411e-14	1.27433e-14	1.27433e-14	0	-0.00146232	0.0161252	0.0161252	0.0159809	0.0159809	0.000144286	0.000144286	60.8188	60.8188	37.4635	37.4635	23.3553	23.3553
4.33706e-05	3.08156e-14	3.08156e-14	1.90475e-14	1.90475e-14	1.17681e-14	1.17681e-14	0	-0.00132659	0.0145312	0.0145312	0.0144076	0.0144076	0.000123614	0.000123614	56.4774	56.4774	34.9093	34.9093	21.568	21.568
4.61141e-05	2.84574e-14	2.84574e-14	1.76788e-14	1.76788e-14	1.07787e-14	1.07787e-14	0	-0.00112599	0.0130388	0.0130388	0.0129335	0.0129335	0.000105332	0.000105332	52.1555	52.1555	32.4008	32.4008	19.7547	19.7547
4.90312e-05	2.61225e-14	2.61225e-14	1.63526e-14	1.63526e-14	9.76996e-15	9.76996e-15	0	-0.00083572	0.0116582	0.0116582	0.011569	0.011569	8.92038e-05	8.92038e-05	47.8761	47.8761	29.9702	29.9702	17.9059	17.9059
5.21328e-05	2.38051e-14	2.38051e-14	1.5065e-14	1.5065e-14	8.74015e-15	8.74015e-15	0	-0.000481368	0.0103873	0.0103873	0.0103123	0.0103123	7.49921e-05	7.49921e-05	43.6289	43.6289	27.6104	27.6104	16.0185	16.0185
5.54306e-05	2.14922e-14	2.14922e-14	1.37988e-14	1.37988e-14	7.69338e-15	7.69338e-15	0	-0.000127383	0.00921737	0.00921737	0.00915489	0.00915489	6.24772e-05	6.24772e-05	39.3899	39.3899	25.2898	25.2898	14.1001	14.1001
5.89369e-05	1.91989e-14	1.91989e-14	1.25573e-14	1.25573e-14	6.6416e-15	6.6416e-15	0	0.000196927	0.00815287	0.00815287	0.00810138	0.00810138	5.1488e-05	5.1488e-05	35.1869	35.1869	23.0145	23.0145	12.1724	12.1724
6.26651e-05	1.69579e-14	1.69579e-14	1.13482e-14	1.13482e-14	5.60974e-15	5.60974e-15	0	0.000479504	0.00719689	0.00719689	0.00715497	0.00715497	4.19157e-05	4.19157e-05	31.0796	31.0796	20.7984	20.7984	10.2813	10.2813
6.66291e-05	1.48094e-14	1.48094e-14	1.01753e-14	1.01753e-14	4.63405e-15	4.63405e-15	0	0.000707225	0.00634079	0.00634079	0.00630709	0.00630709	3.36999e-05	3.36999e-05	27.1419	27.1419	18.6488	18.6488	8.49307	8.49307
7.08439e-05	1.28009e-14	1.28009e-14	9.05079e-15	9.05079e-15	3.75008e-15	3.75008e-15	0	0.000876037	0.00557683	0.00557683	0.00555005	0.00555005	2.67839e-05	2.67839e-05	23.4608	23.4608	16.5879	16.5879	6.87296	6.87296
7.53253e-05	1.09838e-14	1.09838e-14	8.00093e-15	8.00093e-15	2.98292e-15	2.98292e-15	0	0.000994133	0.00489973	0.00489973	0.00487864	0.00487864	2.10845e-05	2.10845e-05	20.1307	20.1307	14.6637	14.6637	5.46695	5.46695
8.00902e-05	9.40019e-15	9.40019e-15	7.05687e-15	7.05687e-15	2.34332e-15	2.34332e-15	0	0.00105556	0.00430075	0.00430075	0.00428426	0.00428426	1.64847e-05	1.64847e-05	17.2282	17.2282	12.9335	12.9335	4.29473	4.29473
8.51565e-05	8.06461e-15	8.06461e-15	6.23788e-15	6.23788e-15	1.82673e-15	1.82673e-15	0	0.0010486	0.00377041	0.00377041	0.00375758	0.00375758	1.28342e-05	1.28342e-05	14.7804	14.7804	11.4325	11.4325	3.34794	3.34794
9.05432e-05	6.95859e-15	6.95859e-15	5.54091e-15	5.54091e-15	1.41768e-15	1.41768e-15	0	0.000991139	0.00330406	0.00330406	0.0032941	0.0032941	9.9681e-06	9.9681e-06	12.7534	12.7534	10.1551	10.1551	2.59825	2.59825
9.62707e-05	6.04587e-15	6.04587e-15	4.94836e-15	4.94836e-15	1.09751e-15	1.09751e-15	0	0.000905359	0.00289646	0.00289646	0.00288873	0.00288873	7.73198e-06	7.73198e-06	11.0806	11.0806	9.06913	9.06913	2.01146	2.01146
0.000102361	5.29484e-15	5.29484e-15	4.44617e-15	4.44617e-15	8.48669e-16	8.48669e-16	0	0.000792354	0.00253857	0.00253857	0.00253258	0.00253258	5.99396e-06	5.99396e-06	9.70414	9.70414	8.14874	8.14874	1.5554	1.5554
0.000108836	4.66797e-15	4.66797e-15	4.01201e-15	4.01201e-15	6.55958e-16	6.55958e-16	0	0.000653008	0.00222525	0.00222525	0.0022206	0.0022206	4.64463e-06	4.64463e-06	8.55524	8.55524	7.35303	7.35303	1.20221	1.20221
0.00011572	4.11184e-15	4.11184e-15	3.60508e-15	3.60508e-15	5.0676e-16	5.0676e-16	0	0.000496807	0.00195623	0.00195623	0.00195264	0.00195264	3.59472e-06	3.59472e-06	7.53598	7.53598	6.60721	6.60721	0.928766	0.928766
0.00012304	3.58336e-15	3.58336e-15	3.19219e-15	3.19219e-15	3.91171e-16	3.91171e-16	0	0.000340259	0.00172853	0.00172853	0.00172575	0.00172575	2.77671e-06	2.77671e-06	6.56741	6.56741	5.85049	5.85049	0.716921	0.716921
0.000130824	3.06005e-15	3.06005e-15	2.75842e-15	2.75842e-15	3.01633e-16	3.01633e-16	0	0.000197635	0.00153517	0.00153517	0.00153303	0.00153303	2.14165e-06	2.14165e-06	5.60832	5.60832	5.0555	5.0555	0.552819	0.552819
0.000139099	2.55142e-15	2.55142e-15	2.31892e-15	2.31892e-15	2.325e-16	2.325e-16	0	7.6511e-05	0.00136388	0.00136388	0.00136223	0.00136223	1.65283e-06	1.65283e-06	4.67612	4.67612	4.25001	4.25001	0.426114	0.426114
0.000147898	2.09874e-15	2.09874e-15	1.91929e-15	1.91929e-15	1.79455e-16	1.79455e-16	0	-2.38512e-05	0.00120139	0.00120139	0.00120011	0.00120011	1.27907e-06	1.27907e-06	3.84648	3.84648	3.51758	3.51758	0.328897	0.328897
0.000157254	1.73596e-15	1.73596e-15	1.59717e-15	1.59717e-15	1.38794e-16	1.38794e-16	0	-0.000105917	0.00105032	0.00105032	0.00104933	0.00104933	9.92274e-07	9.92274e-07	3.18159	3.18159	2.92721	2.92721	0.254376	0.254376
0.000167201	1.46085e-15	1.46085e-15	1.35332e-15	1.35332e-15	1.07531e-16	1.07531e-16	0	-0.000170867	0.0009182	0.0009182	0.000917429	0.000917429	7.70986e-07	7.70986e-07	2.67738	2.67738	2.4803	2.4803	0.197078	0.197078
0.000177778	1.24946e-15	1.24946e-15	1.16604e-15	1.16604e-15	8.34267e-17	8.34267e-17	0	-0.000222797	0.000805097	0.000805097	0.000804497	0.000804497	5.99707e-07	5.99707e-07	2.28995	2.28995	2.13705	2.13705	0.152901	0.152901
0.000189024	1.08262e-15	1.08262e-15	1.01782e-15	1.01782e-15	6.47987e-17	6.47987e-17	0	-0.000263945	0.000707996	0.000707996	0.000707529	0.000707529	4.6687e-07	4.6687e-07	1.98418	1.98418	1.86542	1.86542	0.11876	0.11876
0.000200981	9.47615e-16	9.47615e-16	8.9724e-16	8.9724e-16	5.0375e-17	5.0375e-17	0	-0.000295957	0.000623951	0.000623951	0.000623587	0.000623587	3.63686e-07	3.63686e-07	1.73674	1.73674	1.64442	1.64442	0.092325	0.092325
0.000213694	8.36292e-16	8.36292e-16	7.971e-16	7.971e-16	3.91918e-17	3.91918e-17	0	-0.000320099	0.000550796	0.000550796	0.000550513	0.000550513	2.83458e-07	2.83458e-07	1.53272	1.53272	1.46089	1.46089	0.0718289	0.0718289
0.000227212	7.43061e-16	7.43061e-16	7.1255e-16	7.1255e-16	3.05118e-17	3.05118e-17	0	-0.000337591	0.000486855	0.000486855	0.000486634	0.000486634	2.21032e-07	2.21032e-07	1.36185	1.36185	1.30593	1.30593	0.0559207	0.0559207
0.000241585	6.64054e-16	6.64054e-16	6.40286e-16	6.40286e-16	2.37678e-17	2.37678e-17	0	-0.000349473	0.000430755	0.000430755	0.000430582	0.000430582	1.72421e-07	1.72421e-07	1.21705	1.21705	1.17349	1.17349	0.0435605	0.0435605
0.000256867	5.96451e-16	5.96451e-16	5.77928e-16	5.77928e-16	1.85232e-17	1.85232e-17	0	-0.000356581	0.000381398	0.000381398	0.000381263	0.000381263	1.34543e-07	1.34543e-07	1.09315	1.09315	1.0592	1.0592	0.0339485	0.0339485
0.000273115	5.38201e-16	5.38201e-16	5.23759e-16	5.23759e-16	1.44419e-17	1.44419e-17	0	-0.000359448	0.000337916	0.000337916	0.000337811	0.000337811	1.05015e-07	1.05015e-07	0.986389	0.986389	0.95992	0.95992	0.0264684	0.0264684
0.000290392	4.87682e-16	4.87682e-16	4.76418e-16	4.76418e-16	1.12637e-17	1.12637e-17	0	-0.000358609	0.000299581	0.000299581	0.000299499	0.000299499	8.19854e-08	8.19854e-08	0.893801	0.893801	0.873157	0.873157	0.0206436	0.0206436
0.000308761	4.43592e-16	4.43592e-16	4.34804e-16	4.34804e-16	8.78757e-18	8.78757e-18	0	-0.000354612	0.000265762	0.000265762	0.000265698	0.000265698	6.4018e-08	6.4018e-08	0.812994	0.812994	0.796888	0.796888	0.0161054	0.0161054
0.000328293	4.04921e-16	4.04921e-16	3.98063e-16	3.98063e-16	6.85786e-18	6.85786e-18	0	-0.000347921	0.000235878	0.000235878	0.000235828	0.000235828	4.99986e-08	4.99986e-08	0.74212	0.74212	0.729551	0.729551	0.0125688	0.0125688
0.000349059	3.70837e-16	3.70837e-16	3.65483e-16	3.65483e-16	5.35357e-18	5.35357e-18	0	-0.000338958	0.000209421	0.000209421	0.000209382	0.000209382	3.90581e-08	3.90581e-08	0.679652	0.679652	0.66984	0.66984	0.00981178	0.00981178
0.00037114	3.40652e-16	3.40652e-16	3.36471e-16	3.36471e-16	4.18014e-18	4.18014e-18	0	-0.000328064	0.000185987	0.000185987	0.000185957	0.000185957	3.05156e-08	3.05156e-08	0.62433	0.62433	0.616669	0.616669	0.00766116	0.00766116
0.000394617	3.13779e-16	3.13779e-16	3.10514e-16	3.10514e-16	3.26439e-18	3.26439e-18	0	-0.000315602	0.00016522	0.00016522	0.000165196	0.000165196	2.38434e-08	2.38434e-08	0.575079	0.575079	0.569096	0.569096	0.00598282	0.00598282
0.00041958	2.89721e-16	2.89721e-16	2.87172e-16	2.87172e-16	2.54968e-18	2.54968e-18	0	-0.000301946	0.000146802	0.000146802	0.000146783	0.000146783	1.8632e-08	1.8632e-08	0.530988	0.530988	0.526315	0.526315	0.00467292	0.00467292
0.000446121	2.68099e-16	2.68099e-16	2.66108e-16	2.66108e-16	1.99176e-18	1.99176e-18	0	-0.00028737	0.00013046	0.00013046	0.000130446	0.000130446	1.45613e-08	1.45613e-08	0.49136	0.49136	0.48771	0.48771	0.00365041	0.00365041
0.000474342	2.48606e-16	2.48606e-16	2.4705e-16	2.4705e-16	1.55614e-18	1.55614e-18	0	-0.000272096	0.000115955	0.000115955	0.000115943	0.000115943	1.13808e-08	1.13808e-08	0.455633	0.455633	0.452781	0.452781	0.00285201	0.00285201
0.000504347	2.30977e-16	2.30977e-16	2.29761e-16	2.29761e-16	1.21588e-18	1.21588e-18	0	-0.000256425	0.000103088	0.000103088	0.000103079	0.000103079	8.89542e-09	8.89542e-09	0.423324	0.423324	0.421096	0.421096	0.00222841	0.00222841
0.000536251	2.14965e-16	2.14965e-16	2.14015e-16	2.14015e-16	9.50078e-19	9.50078e-19	0	-0.000240641	9.16751e-05	9.16751e-05	9.16682e-05	9.16682e-05	6.9529e-09	6.9529e-09	0.393978	0.393978	0.392237	0.392237	0.00174126	0.00174126
0.000570172	2.00327e-16	2.00327e-16	1.99585e-16	1.99585e-16	7.42459e-19	7.42459e-19	0	-0.000224934	8.15251e-05	8.15251e-05	8.15197e-05	8.15197e-05	5.43498e-09	5.43498e-09	0.36715	0.36715	0.36579	0.36579	0.00136074	0.00136074
0.00060624	1.86886e-16	1.86886e-16	1.86306e-16	1.86306e-16	5.80274e-19	5.80274e-19	0	-0.000209463	7.24887e-05	7.24887e-05	7.24844e-05	7.24844e-05	4.2488e-09	4.2488e-09	0.342516	0.342516	0.341453	0.341453	0.0010635	0.0010635
0.000644589	1.74529e-16	1.74529e-16	1.74075e-16	1.74075e-16	4.53524e-19	4.53524e-19	0	-0.000194357	6.44595e-05	6.44595e-05	6.44562e-05	6.44562e-05	3.32147e-09	3.32147e-09	0.319868	0.319868	0.319037	0.319037	0.000831198	0.000831198
0.000685364	1.63137e-16	1.63137e-16	1.62783e-16	1.62783e-16	3.54461e-19	3.54461e-19	0	-0.00017974	5.73282e-05	5.73282e-05	5.73256e-05	5.73256e-05	2.59649e-09	2.59649e-09	0.29899	0.29899	0.298341	0.298341	0.000649639	0.000649639
0.000728718	1.52594e-16	1.52594e-16	1.52317e-16	1.52317e-16	2.77047e-19	2.77047e-19	0	-0.000165726	5.0986e-05	5.0986e-05	5.09839e-05	5.09839e-05	2.0298e-09	2.0298e-09	0.279668	0.279668	0.27916	0.27916	0.000507759	0.000507759
0.000774815	1.42807e-16	1.42807e-16	1.4259e-16	1.4259e-16	2.16555e-19	2.16555e-19	0	-0.000152369	4.53403e-05	4.53403e-05	4.53387e-05	4.53387e-05	1.58688e-09	1.58688e-09	0.26173	0.26173	0.261333	0.261333	0.000396892	0.000396892
0.000823827	1.33696e-16	1.33696e-16	1.33527e-16	1.33527e-16	1.69283e-19	1.69283e-19	0	-0.000139717	4.03106e-05	4.03106e-05	4.03093e-05	4.03093e-05	1.24067e-09	1.24067e-09	0.245032	0.245032	0.244721	0.244721	0.000310253	0.000310253
0.00087594	1.25197e-16	1.25197e-16	1.25064e-16	1.25064e-16	1.3233e-19	1.3233e-19	0	-0.000127819	3.58283e-05	3.58283e-05	3.58273e-05	3.58273e-05	9.69988e-10	9.69988e-10	0.229454	0.229454	0.229212	0.229212	0.000242528	0.000242528
0.00093135	1.17249e-16	1.17249e-16	1.17145e-16	1.17145e-16	1.03439e-19	1.03439e-19	0	-0.000116732	3.1856e-05	3.1856e-05	3.18553e-05	3.18553e-05	7.58322e-10	7.58322e-10	0.214888	0.214888	0.214698	0.214698	0.000189577	0.000189577
0.000990265	1.09795e-16	1.09795e-16	1.09714e-16	1.09714e-16	8.08534e-20	8.08534e-20	0	-0.000106522	2.8376e-05	2.8376e-05	2.83754e-05	2.83754e-05	5.92829e-10	5.92829e-10	0.201227	0.201227	0.201079	0.201079	0.000148184	0.000148184
0.00105291	1.02751e-16	1.02751e-16	1.02688e-16	1.02688e-16	6.32174e-20	6.32174e-20	0	-9.72319e-05	2.52679e-05	2.52679e-05	2.52674e-05	2.52674e-05	4.63584e-10	4.63584e-10	0.188317	0.188317	0.188201	0.188201	0.000115862	0.000115862
0.00111951	9.60576e-17	9.60576e-17	9.60082e-17	9.60082e-17	4.94585e-20	4.94585e-20	0	-8.88522e-05	2.24073e-05	2.24073e-05	2.2407e-05	2.2407e-05	3.62738e-10	3.62738e-10	0.17605	0.17605	0.175959	0.175959	9.06452e-05	9.06452e-05
0.00119033	8.98178e-17	8.98178e-17	8.97791e-17	8.97791e-17	3.86947e-20	3.86947e-20	0	-8.12316e-05	1.98699e-05	1.98699e-05	1.98696e-05	1.98696e-05	2.83832e-10	2.83832e-10	0.164614	0.164614	0.164543	0.164543	7.09179e-05	7.09179e-05
0.00126562	8.40872e-17	8.40872e-17	8.40569e-17	8.40569e-17	3.02573e-20	3.02573e-20	0	-7.42661e-05	1.76911e-05	1.76911e-05	1.76909e-05	1.76909e-05	2.21969e-10	2.21969e-10	0.154111	0.154111	0.154056	0.154056	5.54542e-05	5.54542e-05
0.00134568	7.87567e-17	7.87567e-17	7.87331e-17	7.87331e-17	2.36561e-20	2.36561e-20	0	-6.79837e-05	1.57379e-05	1.57379e-05	1.57377e-05	1.57377e-05	1.7356e-10	1.7356e-10	0.144342	0.144342	0.144298	0.144298	4.33557e-05	4.33557e-05
0.00143081	7.37355e-17	7.37355e-17	7.3717e-17	7.3717e-17	1.84959e-20	1.84959e-20	0	-6.2192e-05	1.39632e-05	1.39632e-05	1.3963e-05	1.3963e-05	1.35714e-10	1.35714e-10	0.135139	0.135139	0.135105	0.135105	3.38984e-05	3.38984e-05
0.00152132	6.89751e-17	6.89751e-17	6.89607e-17	6.89607e-17	1.44594e-20	1.44594e-20	0	-5.65446e-05	1.24156e-05	1.24156e-05	1.24155e-05	1.24155e-05	1.06109e-10	1.06109e-10	0.126414	0.126414	0.126388	0.126388	2.65005e-05	2.65005e-05
0.00161755	6.44668e-17	6.44668e-17	6.44555e-17	6.44555e-17	1.13024e-20	1.13024e-20	0	-5.11082e-05	1.10669e-05	1.10669e-05	1.10668e-05	1.10668e-05	8.29528e-11	8.29528e-11	0.118152	0.118152	0.118131	0.118131	2.07145e-05	2.07145e-05
0.00171987	6.02176e-17	6.02176e-17	6.02087e-17	6.02087e-17	8.83458e-21	8.83458e-21	0	-4.60854e-05	9.85582e-06	9.85582e-06	9.85576e-06	9.85576e-06	6.48497e-11	6.48497e-11	0.110364	0.110364	0.110348	0.110348	1.61916e-05	1.61916e-05
0.00182867	5.62204e-17	5.62204e-17	5.62135e-17	5.62135e-17	6.90582e-21	6.90582e-21	0	-4.15191e-05	8.75134e-06	8.75134e-06	8.75129e-06	8.75129e-06	5.06989e-11	5.06989e-11	0.103038	0.103038	0.103026	0.103026	1.26567e-05	1.26567e-05
0.00194434	5.2467e-17	5.2467e-17	5.24616e-17	5.24616e-17	5.39841e-21	5.39841e-21	0	-3.73949e-05	7.73772e-06	7.73772e-06	7.73768e-06	7.73768e-06	3.96377e-11	3.96377e-11	0.0961591	0.0961591	0.0961492	0.0961492	9.89395e-06	9.89395e-06
0.00206734	4.89514e-17	4.89514e-17	4.89472e-17	4.89472e-17	4.22024e-21	4.22024e-21	0	-3.36586e-05	6.81492e-06	6.81492e-06	6.81489e-06	6.81489e-06	3.09912e-11	3.09912e-11	0.0897159	0.0897159	0.0897082	0.0897082	7.73466e-06	7.73466e-06
0.00219811	4.56644e-17	4.56644e-17	4.56611e-17	4.56611e-17	3.29936e-21	3.29936e-21	0	-3.02644e-05	5.98043e-06	5.98043e-06	5.98041e-06	5.98041e-06	2.42318e-11	2.42318e-11	0.0836916	0.0836916	0.0836856	0.0836856	6.04691e-06	6.04691e-06
0.00233716	4.25933e-17	4.25933e-17	4.25907e-17	4.25907e-17	2.57953e-21	2.57953e-21	0	-2.7177e-05	5.22761e-06	5.22761e-06	5.22759e-06	5.22759e-06	1.89475e-11	1.89475e-11	0.078063	0.078063	0.0780583	0.0780583	4.72765e-06	4.72765e-06
0.002485	3.97258e-17	3.97258e-17	3.97238e-17	3.97238e-17	2.01684e-21	2.01684e-21	0	-2.43654e-05	4.55018e-06	4.55018e-06	4.55017e-06	4.55017e-06	1.48161e-11	1.48161e-11	0.0728075	0.0728075	0.0728038	0.0728038	3.69637e-06	3.69637e-06
0.00264219	3.70502e-17	3.70502e-17	3.70486e-17	3.70486e-17	1.57696e-21	1.57696e-21	0	-2.18019e-05	3.94233e-06	3.94233e-06	3.94232e-06	3.94232e-06	1.1586e-11	1.1586e-11	0.0679038	0.0679038	0.0679009	0.0679009	2.89018e-06	2.89018e-06
0.00280933	3.45553e-17	3.45553e-17	3.4554e-17	3.4554e-17	1.23307e-21	1.23307e-21	0	-1.94628e-05	3.39871e-06	3.39871e-06	3.3987e-06	3.3987e-06	9.06042e-12	9.06042e-12	0.0633312	0.0633312	0.063329	0.063329	2.25992e-06	2.25992e-06
0.00298704	3.22304e-17	3.22304e-17	3.22294e-17	3.22294e-17	9.64216e-22	9.64216e-22	0	-1.73245e-05	2.91437e-06	2.91437e-06	2.91436e-06	2.91436e-06	7.08563e-12	7.08563e-12	0.0590703	0.0590703	0.0590685	0.0590685	1.76717e-06	1.76717e-06
0.00317599	3.00653e-17	3.00653e-17	3.00645e-17	3.00645e-17	7.54008e-22	7.54008e-22	0	-1.53647e-05	2.48474e-06	2.48474e-06	2.48474e-06	2.48474e-06	5.54144e-12	5.54144e-12	0.0551022	0.0551022	0.0551008	0.0551008	1.38191e-06	1.38191e-06
0.0033769	2.80502e-17	2.80502e-17	2.80496e-17	2.80496e-17	5.89649e-22	5.89649e-22	0	-1.35736e-05	2.10561e-06	2.10561e-06	2.10561e-06	2.10561e-06	4.33392e-12	4.33392e-12	0.0514091	0.0514091	0.0514081	0.0514081	1.08068e-06	1.08068e-06
0.00359051	2.61759e-17	2.61759e-17	2.61755e-17	2.61755e-17	4.61133e-22	4.61133e-22	0	-1.19298e-05	1.77307e-06	1.77307e-06	1.77307e-06	1.77307e-06	3.38963e-12	3.38963e-12	0.047974	0.047974	0.0479731	0.0479731	8.45143e-07	8.45143e-07
0.00381764	2.44334e-17	2.44334e-17	2.44331e-17	2.44331e-17	3.60639e-22	3.60639e-22	0	-1.04174e-05	1.4835e-06	1.4835e-06	1.48349e-06	1.48349e-06	2.65115e-12	2.65115e-12	0.0447804	0.0447804	0.0447798	0.0447798	6.60962e-07	6.60962e-07
0.00405913	2.28142e-17	2.28142e-17	2.2814e-17	2.2814e-17	2.82054e-22	2.82054e-22	0	-9.03104e-06	1.23352e-06	1.23352e-06	1.23351e-06	1.23351e-06	2.07362e-12	2.07362e-12	0.0418129	0.0418129	0.0418124	0.0418124	5.16935e-07	5.16935e-07
0.0043159	2.13102e-17	2.13102e-17	2.131e-17	2.131e-17	2.20599e-22	2.20599e-22	0	-7.75573e-06	1.01999e-06	1.01999e-06	1.01998e-06	1.01998e-06	1.62193e-12	1.62193e-12	0.0390564	0.0390564	0.039056	0.039056	4.04303e-07	4.04303e-07
0.00458891	1.99136e-17	1.99136e-17	1.99135e-17	1.99135e-17	1.72538e-22	1.72538e-22	0	-6.58381e-06	8.39944e-07	8.39944e-07	8.39943e-07	8.39943e-07	1.26866e-12	1.26866e-12	0.0364968	0.0364968	0.0364965	0.0364965	3.1622e-07	3.1622e-07
0.00487919	1.8617e-17	1.8617e-17	1.86168e-17	1.86168e-17	1.34951e-22	1.34951e-22	0	-5.5027e-06	6.90591e-07	6.90591e-07	6.9059e-07	6.9059e-07	9.92351e-13	9.92351e-13	0.0341203	0.0341203	0.03412	0.03412	2.47332e-07	2.47332e-07
0.00518784	1.74131e-17	1.74131e-17	1.7413e-17	1.7413e-17	1.05554e-22	1.05554e-22	0	-4.51893e-06	5.69254e-07	5.69254e-07	5.69254e-07	5.69254e-07	7.76233e-13	7.76233e-13	0.0319139	0.0319139	0.0319137	0.0319137	1.93454e-07	1.93454e-07
0.00551601	1.62951e-17	1.62951e-17	1.6295e-17	1.6295e-17	8.25616e-23	8.25616e-23	0	-3.60316e-06	4.73351e-07	4.73351e-07	4.73351e-07	4.73351e-07	6.07189e-13	6.07189e-13	0.0298648	0.0298648	0.0298647	0.0298647	1.51315e-07	1.51315e-07
0.00586493	1.52563e-17	1.52563e-17	1.52563e-17	1.52563e-17	6.45782e-23	6.45782e-23	0	-2.77724e-06	4.00357e-07	4.00357e-07	4.00357e-07	4.00357e-07	4.74963e-13	4.74963e-13	0.0279611	0.0279611	0.0279609	0.0279609	1.18356e-07	1.18356e-07
0.00623593	1.42904e-17	1.42904e-17	1.42903e-17	1.42903e-17	5.05121e-23	5.05121e-23	0	-2.02296e-06	3.47769e-07	3.47769e-07	3.47768e-07	3.47768e-07	3.71533e-13	3.71533e-13	0.0261907	0.0261907	0.0261906	0.0261906	9.25761e-08	9.25761e-08
0.0066304	1.33909e-17	1.33909e-17	1.33909e-17	1.33909e-17	3.95097e-23	3.95097e-23	0	-1.33283e-06	3.13064e-07	3.13064e-07	3.13064e-07	3.13064e-07	2.90627e-13	2.90627e-13	0.0245422	0.0245422	0.0245422	0.0245422	7.24115e-08	7.24115e-08
0.00704982	1.25518e-17	1.25518e-17	1.25518e-17	1.25518e-17	3.09035e-23	3.09035e-23	0	-7.16409e-07	2.93662e-07	2.93662e-07	2.93662e-07	2.93662e-07	2.27338e-13	2.27338e-13	0.0230044	0.0230044	0.0230043	0.0230043	5.66385e-08	5.66385e-08
0.00749577	1.1767e-17	1.1767e-17	1.1767e-17	1.1767e-17	2.41716e-23	2.41716e-23	0	-1.69615e-07	2.86877e-07	2.86877e-07	2.86877e-07	2.86877e-07	1.77829e-13	1.77829e-13	0.021566	0.021566	0.021566	0.021566	4.43006e-08	4.43006e-08
0.00796994	1.10303e-17	1.10303e-17	1.10303e-17	1.10303e-17	1.89057e-23	1.89057e-23	0	3.1084e-07	2.89875e-07	2.89875e-07	2.89874e-07	2.89874e-07	1.391e-13	1.391e-13	0.0202159	0.0202159	0.0202159	0.0202159	3.46495e-08	3.46495e-08
0.00847409	1.03357e-17	1.03357e-17	1.03357e-17	1.03357e-17	1.47865e-23	1.47865e-23	0	6.91441e-07	2.99614e-07	2.99614e-07	2.99614e-07	2.99614e-07	1.08804e-13	1.08804e-13	0.0189429	0.0189429	0.0189428	0.0189428	2.71e-08	2.71e-08
0.00901014	9.67696e-18	9.67696e-18	9.67695e-18	9.67695e-18	1.15643e-23	1.15643e-23	0	1.01962e-06	3.12797e-07	3.12797e-07	3.12797e-07	3.12797e-07	8.51034e-14	8.51034e-14	0.0177355	0.0177355	0.0177355	0.0177355	2.11945e-08	2.11945e-08
0.0095801	9.04754e-18	9.04754e-18	9.04753e-18	9.04753e-18	9.04374e-24	9.04374e-24	0	1.27762e-06	3.25803e-07	3.25803e-07	3.25803e-07	3.25803e-07	6.65631e-14	6.65631e-14	0.0165819	0.0165819	0.0165819	0.0165819	1.65749e-08	1.65749e-08
0.0101861	8.44081e-18	8.44081e-18	8.4408e-18	8.4408e-18	7.07206e-24	7.07206e-24	0	1.43874e-06	3.34641e-07	3.34641e-07	3.34641e-07	3.34641e-07	5.20595e-14	5.20595e-14	0.0154699	0.0154699	0.0154699	0.0154699	1.29613e-08	1.29613e-08
0.0108305	7.85254e-18	7.85254e-18	7.85253e-18	7.85253e-18	5.52979e-24	5.52979e-24	0	1.54641e-06	3.36638e-07	3.36638e-07	3.36638e-07	3.36638e-07	4.07141e-14	4.07141e-14	0.0143918	0.0143918	0.0143917	0.0143917	1.01347e-08	1.01347e-08
0.0115156	7.28308e-18	7.28308e-18	7.28307e-18	7.28307e-18	4.32353e-24	4.32353e-24	0	1.54692e-06	3.31906e-07	3.31906e-07	3.31906e-07	3.31906e-07	3.18396e-14	3.18396e-14	0.0133481	0.0133481	0.0133481	0.0133481	7.92397e-09	7.92397e-09
0.012244	6.73325e-18	6.73325e-18	6.73325e-18	6.73325e-18	3.38016e-24	3.38016e-24	0	1.4783e-06	3.20897e-07	3.20897e-07	3.20897e-07	3.20897e-07	2.48984e-14	2.48984e-14	0.0123404	0.0123404	0.0123404	0.0123404	6.195e-09	6.195e-09
0.0130185	6.20394e-18	6.20394e-18	6.20394e-18	6.20394e-18	2.64246e-24	2.64246e-24	0	1.34912e-06	3.04135e-07	3.04135e-07	3.04135e-07	3.04135e-07	1.94697e-14	1.94697e-14	0.0113703	0.0113703	0.0113703	0.0113703	4.84298e-09	4.84298e-09
0.013842	5.69614e-18	5.69614e-18	5.69614e-18	5.69614e-18	2.06565e-24	2.06565e-24	0	1.19775e-06	2.82225e-07	2.82225e-07	2.82225e-07	2.82225e-07	1.52241e-14	1.52241e-14	0.0104396	0.0104396	0.0104396	0.0104396	3.78582e-09	3.78582e-09
0.0147176	5.211e-18	5.211e-18	5.211e-18	5.211e-18	1.61468e-24	1.61468e-24	0	1.03085e-06	2.55863e-07	2.55863e-07	2.55863e-07	2.55863e-07	1.19041e-14	1.19041e-14	0.00955048	0.00955048	0.00955048	0.00955048	2.95931e-09	2.95931e-09
0.0156486	4.74984e-18	4.74984e-18	4.74984e-18	4.74984e-18	1.26213e-24	1.26213e-24	0	7.66465e-07	2.25845e-07	2.25845e-07	2.25845e-07	2.25845e-07	9.30801e-15	9.30801e-15	0.00870529	0.00870529	0.00870529	0.00870529	2.31317e-09	2.31317e-09
0.0166385	4.31417e-18	4.31417e-18	4.31417e-18	4.31417e-18	9.86545e-25	9.86545e-25	0	5.3705e-07	1.9309e-07	1.9309e-07	1.9309e-07	1.9309e-07	7.27808e-15	7.27808e-15	0.0079068	0.0079068	0.0079068	0.0079068	1.80809e-09	1.80809e-09
0.017691	3.90564e-18	3.90564e-18	3.90564e-18	3.90564e-18	7.71142e-25	7.71142e-25	0	2.47297e-07	1.58649e-07	1.58649e-07	1.58649e-07	1.58649e-07	5.69092e-15	5.69092e-15	0.00715808	0.00715808	0.00715808	0.00715808	1.41331e-09	1.41331e-09
0.0188101	3.52611e-18	3.52611e-18	3.52611e-18	3.52611e-18	6.02788e-25	6.02788e-25	0	-2.45845e-08	1.23733e-07	1.23733e-07	1.23733e-07	1.23733e-07	4.44998e-15	4.44998e-15	0.00646248	0.00646248	0.00646248	0.00646248	1.10476e-09	1.10476e-09
0.02	3.17752e-18	3.17752e-18	3.17752e-18	3.17752e-18	4.71213e-25	4.71213e-25	0	-2.24169e-07	8.9733e-08	8.9733e-08	8.9733e-08	8.9733e-08	3.47978e-15	3.47978e-15	0.00582361	0.00582361	0.0058236	0.0058236	8.63617e-10	8.63617e-10
